10001,29-06-2024,12,10,30000
10002,07-06-2024,1,2,10400
10003,17-06-2024,4,8,25600
10004,29-06-2024,12,5,15000
10005,22-06-2024,6,15,39000
10006,26-06-2024,2,7,35000
10007,29-06-2024,12,4,12000
10008,17-06-2024,1,25,130000
10009,17-06-2024,2,10,50000
10010,17-06-2024,1,25,130000
10011,17-06-2024,1,5,26000
10012,17-06-2024,1,1,5200
10013,18-06-2024,1,9,46800
10014,18-06-2024,1,1,5200
10015,18-06-2024,1,1,5200
10016,18-06-2024,1,1,5200
10017,18-06-2024,1,1,5200
10018,19-06-2024,1,1,5200
10019,20-06-2024,1,7,36400
